2000
344
2001
400
2002
450
2003
479
2004
500
2005
485
2006
400
2007
350
2008
350
2009
330
2010
485
2000
500
2001
599
2002
585
2003
590
2004
595
2005
550
2006
590
2007
591
2008
595
2009
598
2010
600
2000
400
2001
410
2002
425
2003
470
2004
499
2005
490
2006
390
2007
340
2008
344
2009
340
2010
350
2000
550
2001
540
2002
530
2003
535
2004
540
2005
550
2006
579
2007
500
2008
579
2009
560
2010
579
2000
300
2001
390
2002
445
2003
465
2004
480
2005
485
2006
370
2007
340
2008
360
2009
300
2010
320